0.00202
0.275839946886922
273.00    1.3865383770229E+05
298.00    1.8841676997118E+05
323.00    2.4978793584641E+05
348.00    3.2425746878989E+05
373.00    4.1337437998516E+05
398.00    5.1874440673443E+05
423.00    6.4202809305648E+05
448.00    7.8493907457208E+05
473.00    9.4924254980931E+05
498.00    1.1367539276557E+06
523.00    1.3493376460184E+06
548.00    1.5889061600108E+06
573.00    1.8574190994243E+06
598.00    2.1568825952096E+06
623.00    2.4893487735858E+06
648.00    2.8569154146005E+06
673.00    3.2617257698573E+06
698.00    3.7059685319843E+06
723.00    4.1918779464744E+06
748.00    4.7217340549148E+06
773.00    5.2978630574268E+06
798.00    5.9226377813766E+06
823.00    6.5984782430793E+06
848.00    7.3278522892590E+06
873.00    8.1132763053925E+06
898.00    8.9573159786819E+06
923.00    9.8625871042188E+06
948.00    1.0831756423843E+07
973.00    1.1867542488230E+07
