       T               qrot                qtrans                qvib                ln(qrot)                ln(qtrans)                ln(qvib)                lnq
   =================================================================================================================================================================================
     273.00    1.5362762446289E+00    9.0253193836713E+04    1.0000000000653E+00    4.2936146531862E-01    1.1410374264341E+01    6.5342398156784E-11    1.1839735729725E+01
     298.00    1.6769608824155E+00    1.1235609122363E+05    1.0000000004673E+00    5.1698315663906E-01    1.1629428492643E+01    4.6733195080600E-10    1.2146411649749E+01
     323.00    1.8176455202020E+00    1.3742389946471E+05    1.0000000024649E+00    5.9754199335631E-01    1.1830825584436E+01    2.4648509869428E-09    1.2428367580257E+01
     348.00    1.9583301579885E+00    1.6557854871793E+05    1.0000000102376E+00    6.7209214990813E-01    1.2017200975815E+01    1.0237560968739E-08    1.2689293135961E+01
     373.00    2.0990147957751E+00    1.9693732807145E+05    1.0000000351323E+00    7.4146808977747E-01    1.2190640825489E+01    3.5132263369743E-08    1.2932108950398E+01
     398.00    2.2396994335616E+00    2.3161337873936E+05    1.0000001032620E+00    8.0634167541809E-01    1.2352824789590E+01    1.0326203603060E-07    1.3159166568270E+01
     423.00    2.3803840713481E+00    2.6971610558046E+05    1.0000002671951E+00    8.6726184917993E-01    1.2505125223995E+01    2.6719503681534E-07    1.3372387340370E+01
     448.00    2.5210687091347E+00    3.1135152472076E+05    1.0000006217776E+00    9.2468290254864E-01    1.2648677857416E+01    6.2177738034697E-07    1.3573361381742E+01
     473.00    2.6617533469212E+00    3.5662256036990E+05    1.0000013233275E+00    9.7898505862559E-01    1.2784433247609E+01    1.3233266519610E-06    1.3763419629561E+01
     498.00    2.8024379847077E+00    4.0562930066192E+05    1.0000026107480E+00    1.0304897471583E+00    1.2913194968941E+01    2.6107446004503E-06    1.3943687326844E+01
     523.00    2.9431226224942E+00    4.5846922003123E+05    1.0000048267078E+00    1.0794711341986E+00    1.3035648436541E+01    4.8266961971119E-06    1.4115124397436E+01
     548.00    3.0838072602808E+00    5.1523737395156E+05    1.0000084369766E+00    1.1261649570817E+00    1.3152382993749E+01    8.4369410169303E-06    1.4278556387772E+01
     573.00    3.2244918980673E+00    5.7602657062181E+05    1.0000140462372E+00    1.1707753868484E+00    1.3263909068166E+01    1.4046138530135E-05    1.4434698501153E+01
     598.00    3.3651765358538E+00    6.4092752324885E+05    1.0000224091348E+00    1.2134804240843E+00    1.3370671661256E+01    2.2408883687344E-05    1.4584174494224E+01
     623.00    3.5058611736404E+00    7.1002898586606E+05    1.0000344358458E+00    1.2544361889211E+00    1.3473061073348E+01    3.4435252914069E-05    1.4727531697522E+01
     648.00    3.6465458114269E+00    7.8341787507762E+05    1.0000511919691E+00    1.2937803664859E+00    1.3571421517260E+01    5.1190658882688E-05    1.4865253074405E+01
     673.00    3.7872304492134E+00    8.6117937968998E+05    1.0000738929898E+00    1.3316349997784E+00    1.3666058100491E+01    7.3890259833175E-05    1.4997766990529E+01
     698.00    3.9279150870000E+00    9.4339705985380E+05    1.0001038939073E+00    1.3681087728960E+00    1.3757242533285E+01    1.0388851068839E-04    1.5125455194692E+01
     723.00    4.0685997247865E+00    1.0301529370703E+06    1.0001426748460E+00    1.4032988922924E+00    1.3845217831776E+01    1.4266466886870E-04    1.5248659388737E+01
     748.00    4.2092843625730E+00    1.1215275761991E+06    1.0001918235809E+00    1.4372926481081E+00    1.3930202221315E+01    1.9180518509025E-04    1.5367686674608E+01
     773.00    4.3499690003596E+00    1.2176001604285E+06    1.0002530159393E+00    1.4701687187211E+00    1.4012392397848E+01    2.5298393613928E-04    1.5482814100505E+01
     798.00    4.4906536381461E+00    1.3184485600266E+06    1.0003279949929E+00    1.5019982675835E+00    1.4091966270004E+01    3.2794121432408E-04    1.5594292478801E+01
     823.00    4.6313382759326E+00    1.4241493955717E+06    1.0004185498662E+00    1.5328458708107E+00    1.4169085278072E+01    4.1846229867427E-04    1.5702349611181E+01
     848.00    4.7720229137192E+00    1.5347780962640E+06    1.0005264948650E+00    1.5627703059256E+00    1.4243896365859E+01    5.2635631520195E-04    1.5807193028100E+01
     873.00    4.9127075515057E+00    1.6504089538384E+06    1.0006536494991E+00    1.5918252259733E+00    1.4316533665978E+01    6.5343596328514E-04    1.5909012327915E+01
     898.00    5.0533921892922E+00    1.7711151725293E+06    1.0008018198400E+00    1.6200597384359E+00    1.4387119947134E+01    8.0149855423628E-04    1.6007981184125E+01
     923.00    5.1940768270788E+00    1.8969689154796E+06    1.0009727815299E+00    1.6475189046365E+00    1.4455767862636E+01    9.7230868457870E-04    1.6104259075957E+01
     948.00    5.3347614648653E+00    2.0280413479412E+06    1.0011682646457E+00    1.6742441723887E+00    1.4522581032017E+01    1.1675827555809E-03    1.6197992787161E+01
     973.00    5.4754461026518E+00    2.1644026775664E+06    1.0013899405281E+00    1.7002737523197E+00    1.4587654981844E+01    1.3889754549499E-03    1.6289317709619E+01
   =================================================================================================================================================================================
 ZPE=         0.275839946887    eV
 ZPE=          26.6149414622    KJ/mole
