   Ufinal-Uinitial
   ===============
     -0.0010056796428
     -0.0007705014143
     -0.0000669475132
     -0.0008744019347
      0.0024500861005
      0.0011277834564
     -0.0002499751403
      0.0005115739852
     -0.0011541739903
      0.0007218487102
      0.0009225957935
     -0.0002949387519
      0.0011851508831
      0.0009687805365
      0.0001405681783
      0.0008204305150
     -0.0000988331572
     -0.0005424755025
      0.0013959353627
      0.0012270535286
     -0.0002267006638
     -0.0001938361681
     -0.0024762531316
      0.0010752857121
      0.0014882122095
      0.0001232926153
      0.0000960711312
     -0.0010062336984
     -0.0003967628127
     -0.0004163660104
     -0.0000183700244
      0.0010597649494
      0.0008353823536
      0.0016272647151
      0.0001176700471
      0.0001669393606
     -0.0003903379485
     -0.0004326728356
     -0.0001025713449
      0.0015961535180
      0.0022652385639
      0.0007078235008
      0.0004872212573
      0.0001191406213
     -0.0008637130275
     -0.0011096006104
     -0.0019650223058
      0.0049569225708
      0.0000784376839
      0.0005802922113
      0.0011417564249
      0.0006743595325
      0.0008348224356
      0.0004984165669
      0.0017130218711
      0.0017667873390
      0.0027002833279
      0.0017818274674
      0.0020043449369
      0.0025579659991
      0.0042033130816
      0.0004230662515
     -0.0007355189068
      0.0006255165557
      0.0004731111638
     -0.0003739233537
      0.0002716580056
      0.0001453713102
      0.0003026490415
      0.0006248132862
      0.0006606029630
      0.0009408774877
     -0.0000451298464
      0.0000110168568
      0.0003714533847
     -0.0000884413284
      0.0001855448813
      0.0002655468622
     -0.0001866844473
      0.0004869036606
      0.0002581599637
      0.0002640329430
      0.0002051914781
      0.0010950565769
      0.0021858194691
      0.0014165170875
     -0.0008597631472
     -0.0012250463307
     -0.0000560604129
      0.0015101049454
      0.0003188571757
     -0.0002863006800
      0.0003246652360
      0.0002968647385
      0.0005099687579
      0.0012245830518
      0.0005598812642
     -0.0010765987696
     -0.0007412509748
      0.0011065005671
      0.0006047936858
      0.0011968916229
      0.0010191958096
     -0.0003830213420
      0.0014835462900
     -0.0013574078922
      0.0002302821954
      0.0009616284087
     -0.0002856238006
     -0.0003641287314
     -0.0013543013208
     -0.0008955331526
     -0.0007329210902
      0.0004525712058
     -0.0002513529702
      0.0001213497305
      0.0006400796595
      0.0004307111922
     -0.0009549114097
      0.0008198172426
      0.0012664698732
      0.0005182376775
      0.0002527029614
      0.0001008312287
      0.0009127181741
      0.0014462358710
      0.0014952805045
      0.0019752352845
      0.0007331849998
      0.0002188302064
     -0.0000312864136
      0.0004352921011
      0.0005001787154
      0.0023566168975
      0.0025821762417
      0.0001744074754
     -0.0000517396464
     -0.0001370036278
      0.0001029246958
      0.0024654481523
      0.0022530542674
      0.0016034096465
      0.0011245670510
      0.0046577481763
     -0.0027639421924
      0.0009766142749
      0.0001038795643
      0.0013430270083
     -0.0005309653715
      0.0025160372381
      0.0015875539694
      0.0015614842930
      0.0015257707440
     -0.0010438361549
     -0.0006528885476
     -0.0006958196901
      0.0022099028297
      0.0005143489212
     -0.0019243860655
     -0.0002724502739
      0.0005442598840
      0.0008468110007
     -0.0000109940135
      0.0010140033978
      0.0024032717760
      0.0018972988220
     -0.0005020025110
     -0.0002213636461
      0.0004076245234
      0.0015551781466
      0.0003511860903
      0.0004271676497
     -0.0001976628928
      0.0002662840315
     -0.0005199748791
     -0.0007322096618
     -0.0004069946224
      0.0001900313930
     -0.0003320352076
      0.0005622977191
     -0.0006464666759
      0.0006712479592
     -0.0000782750660
      0.0025819429581
      0.0001334273454
     -0.0006349839782
     -0.0010186858482
     -0.0010493495071
     -0.0003988433634
     -0.0002001161310
      0.0003438903137
     -0.0002012734104
      0.0008086173831
      0.0002981114935
      0.0008719447978
     -0.0007890242274
     -0.0003366556866
      0.0003132586880
     -0.0014969006435
     -0.0005319133467
      0.0002167021801
      0.0009805989835
      0.0008774122329
     -0.0004958906637
      0.0000728227273
     -0.0001214091588
      0.0012954784038
     -0.0006225944235
      0.0010474293687
      0.0007992569122
     -0.0002230148091
      0.0020065638062
      0.0017252087512
      0.0018664176348
      0.0006986985071
      0.0003135578980
     -0.0004006928257
     -0.0001315499583
      0.0018255501651
     -0.0001648379049
     -0.0018745466130
     -0.0007638293883
      0.0022321105168
     -0.0002482038609
      0.0008767896092
      0.0009276979275
     -0.0014850507204
      0.0012237664618
      0.0011756902174
     -0.0002971054669
     -0.0000988194242
     -0.0011631747224
      0.0028643678032
      0.0023893566112
      0.0027017879045
      0.0010629425382
      0.0005693086579
     -0.0004290874004
     -0.0003655025756
      0.0003282065909
     -0.0001853460320
     -0.0017224950995
     -0.0005370591359
     -0.0003647685201
     -0.0001505957197
     -0.0003408496535
     -0.0007603256909
     -0.0012495997055
      0.0008542461180
      0.0000023129826
     -0.0001160207540
      0.0007179481097
     -0.0013344880497
     -0.0000339492673
     -0.0005675042337
     -0.0015823486667
      0.0017673743788
      0.0004350588536
     -0.0004180723627
     -0.0023025236021
      0.0003147915673
      0.0010538001714
      0.0002127051947
      0.0006023844187
      0.0008534131589
      0.0006988120428
      0.0011467122774
      0.0018662883694
      0.0011935322080
      0.0006958440408
      0.0007287756699
     -0.0011498932408
      0.0005410387004
     -0.0004738646672
      0.0001448098201
     -0.0001008166405
     -0.0000536936288
      0.0003623204965
      0.0002135065221
      0.0022466605102
     -0.0000307376540
      0.0010479005098
      0.0021402865351
     -0.0000003642063
      0.0010179507402
      0.0014246964417
     -0.0000039939118
      0.0006264741954
      0.0009930120289
     -0.0004569045567
     -0.0002898942339
      0.0006406374737
     -0.0001448724340
      0.0004603325269
     -0.0002375141343
     -0.0005452709299
      0.0006564145303
     -0.0000957589636
      0.0004632165245
      0.0029005205293
      0.0013987592031
      0.0024516964505
      0.0025725196013
      0.0006642299919
      0.0005910655815
      0.0014223409541
      0.0011419407285
      0.0012642208858
      0.0008196508525
      0.0011378561749
      0.0006309078982
      0.0008327323612
      0.0005156998661
     -0.0000353473447
      0.0011973389600
     -0.0010659809943
      0.0003052949045
      0.0010783267091
      0.0009398459502
      0.0014146445489
     -0.0005973032814
      0.0005057135765
      0.0007335875366
      0.0000680880795
      0.0013018983599
      0.0016586951611
      0.0010571712975
      0.0009163116766
      0.0010913157937
      0.0018320038058
      0.0009610484477
      0.0009324286192
      0.0002885278173
      0.0002703761092
     -0.0001995243623
      0.0025274442991
      0.0011422471543
      0.0018620041474
      0.0003597518858
      0.0011416412797
      0.0007867535932
     -0.0006707643496
      0.0000252375448
      0.0001873115755
     -0.0009493940713
      0.0004938079917
      0.0007834880912
      0.0007644715730
     -0.0007919334203
     -0.0001797447237
      0.0007254847470
      0.0007314452678
     -0.0000209600702
     -0.0002796606824
     -0.0004021632132
      0.0001764621148
      0.0013539589377
      0.0019451272537
      0.0006343112087
     -0.0001820449532
      0.0002321011143
      0.0007515334835
     -0.0000721737150
      0.0006774737104
      0.0010260283622
      0.0001821206944
      0.0032572922877
      0.0003009269783
      0.0001576496966
      0.0009176076960
      0.0000152185277
     -0.0004381171285
      0.0003908201127
      0.0008932040042
      0.0015514130276
     -0.0005880803257
     -0.0001796356904
      0.0008447216948
      0.0024070080483
      0.0006120471873
      0.0002836905884
      0.0014591444397
      0.0011399944594
     -0.0017983571266
     -0.0015640830859
      0.0002133668818
      0.0001721905298
      0.0010808249548
     -0.0003662535775
      0.0006814320901
      0.0007133225740
      0.0007570178967
     -0.0004211695278
      0.0003199749300
      0.0010670108111
     -0.0001841964453
      0.0022517541237
      0.0009118841703
     -0.0014417174516
     -0.0006826426641
     -0.0009058439830
      0.0014575997522
     -0.0001527197727
     -0.0001349321983
      0.0008500973957
      0.0002090984041
      0.0016780765100
      0.0019702609424
     -0.0035450033113
      0.0007677755922
      0.0009038483597
      0.0017729367478
      0.0014670798849
     -0.0001585134723
      0.0005484291339
      0.0008512184204
     -0.0013081476756
     -0.0018615764739
     -0.0000630647959
     -0.0013669655784
     -0.0008477545404
      0.0006140678350
      0.0019397597774
     -0.0016553317007
      0.0011083445945
      0.0014754045646
      0.0006306217718
     -0.0011114598668
      0.0000663841895
      0.0029942216964
      0.0026810125350
      0.0008869135442
      0.0008686965635
      0.0013101566239
      0.0018736992100
      0.0005851080344
      0.0018403486707
     -0.0002006444382
      0.0010424209595
      0.0006740789253
      0.0009149873627
      0.0006357375939
      0.0006424913726
      0.0000074897807
      0.0003017580940
     -0.0003261560976
      0.0000371073348
      0.0002251639589
      0.0005997854053
      0.0018097205235
     -0.0015321436940
     -0.0004887321938
     -0.0007939850338
     -0.0016344991181
     -0.0019822825488
      0.0050740676827
     -0.0004349733016
      0.0005021673966
     -0.0007017595054
     -0.0003986066925
     -0.0009405480935
      0.0001341765481
     -0.0006751709906
     -0.0002169170092
      0.0005702152362
      0.0004421917823
      0.0025190195961
      0.0001526389605
     -0.0009560980085
     -0.0010082490044
     -0.0004074183423
      0.0012233741065
      0.0008290417626
     -0.0009728038478
     -0.0010783308395
      0.0000378150267
      0.0015998800867
      0.0018129458877
      0.0004096187657
     -0.0000429106704
     -0.0004271757253
      0.0011044602693
     -0.0000840460701
     -0.0007278282175
     -0.0003999381890
      0.0007095423337
      0.0000094316417
     -0.0001849708985
      0.0013500045980
     -0.0006606957561
     -0.0000742172131
      0.0013606489707
      0.0006436379536
      0.0002859745085
     -0.0000771804308
     -0.0005451067294
     -0.0006401880159
      0.0002296048484
      0.0003211088720
      0.0009336886748
      0.0004642922687
     -0.0002858562707
      0.0021816052556
      0.0000651378923
     -0.0008243134785
      0.0001866180949
      0.0003314656385
      0.0010919168414
     -0.0004184537144
      0.0001906667392
      0.0036178842333
      0.0007240738986
      0.0007509903159
      0.0016255283889
     -0.0047869768283
      0.0007245572668
      0.0019195977041
      0.0003193926058
      0.0010151213373
      0.0009500170460
      0.0008408259757
      0.0018988038349
      0.0004654650789
      0.0004819003860
     -0.0004791783884
      0.0007555612057
      0.0065296778497
     -0.0009279132585
     -0.0009877371366
      0.0001389806326
      0.0000227166476
     -0.0000617786860
     -0.0000133114835
      0.0002100389481
     -0.0009075306938
      0.0001596254522
      0.0016278034890
      0.0013425462130
     -0.0001927472077
      0.0007634843219
     -0.0000674567729
     -0.0002468462163
      0.0002795316691
     -0.0007332096295
      0.0000319857683
      0.0000546607420
     -0.0008542742209
     -0.0018076879709
      0.0000670998373
      0.0011571078172
     -0.0001982539139
     -0.0007015790951
     -0.0009025552742
     -0.0005654561718
      0.0002054810529
      0.0012987730440
     -0.0006383928497
     -0.0011813327327
     -0.0003391824180
      0.0001502146859
     -0.0000886338516
      0.0005551149197
     -0.0013222321783
     -0.0020089316917
     -0.0007306721244
      0.0001876152355
      0.0020541338560
      0.0006707139371
     -0.0005380741619
     -0.0005464506451
      0.0012782834623
      0.0003521208511
      0.0016043025911
     -0.0005412508445
     -0.0010584076158
     -0.0002557039398
     -0.0013788415720
     -0.0010466227078
      0.0000365918847
      0.0004792425019
      0.0000961377407
      0.0026349979978
     -0.0003514035799
      0.0002609877384
      0.0024994269976
      0.0003912374234
      0.0010493317175
      0.0009311152924
     -0.0003622904162
     -0.0001804315998
     -0.0006160180525
     -0.0000296172156
      0.0001336136129
     -0.0007880473865
      0.0004146580086
      0.0018280311256
      0.0017106199767
      0.0001942200843
      0.0011584057762
     -0.0001885435431
      0.0006824874134
      0.0012553571985
      0.0012269829643
      0.0005425740367
      0.0014204518924
     -0.0000669625510
      0.0010453889529
      0.0000288982457
      0.0011494513099
      0.0006997287939
      0.0000335821067
     -0.0007481588134
      0.0004142021760
      0.0003066231665
      0.0003664954290
      0.0003962545342
      0.0013384137980
     -0.0002729938122
      0.0005939414692
      0.0005825319264
     -0.0000230161222
      0.0003942625111
      0.0015869159825
      0.0001279750935
     -0.0005103109365
     -0.0010308265179
     -0.0001320859899
      0.0003049279581
      0.0000843402159
      0.0011400023024
     -0.0000344224354
     -0.0006025094470
      0.0000710767880
     -0.0001678855828
      0.0003977352548
      0.0003532275931
     -0.0004125769944
      0.0006378202216
      0.0016562790644
      0.0000318140021
      0.0002400601028
      0.0009312438984
     -0.0000509255506
      0.0014872343072
      0.0005110057183
      0.0007030371635
      0.0013491837255
      0.0013443110001
      0.0001620308247
      0.0007324248040
      0.0003303301171
     -0.0000873099230
     -0.0012849695739
      0.0014214510889
      0.0005969074525
     -0.0004123364424
      0.0016260839193
      0.0002410280758
     -0.0004124949415
     -0.0001613824988
      0.0003696091353
      0.0002624934286
     -0.0000528889597
      0.0024621349338
      0.0000831651208
     -0.0004019227375
      0.0000069342151
      0.0005952605457
      0.0013966140993
      0.0023479139677
     -0.0002679006123
      0.0011957260161
     -0.0005996847091
     -0.0005282002605
      0.0002804233660
      0.0020637107947
      0.0017460705671
     -0.0001278052995
      0.0007685100408
      0.0011200282950
      0.0016235474782
      0.0013850858876
     -0.0007992006761
      0.0000776588970
      0.0000546088857
      0.0008426489905
      0.0016583159329
      0.0016771795586
      0.0007461784636
     -0.0003365635010
      0.0010732560076
      0.0015994122551
      0.0026998474135
      0.0006399570070
      0.0020390322640
      0.0006671522136
      0.0005246892577
      0.0000271438527
      0.0006385540152
      0.0003651698861
      0.0037449471292
      0.0000317334508
      0.0013204981341
     -0.0014654719929
      0.0012632726602
      0.0013093915548
      0.0008713794673
      0.0019303657300
     -0.0005917998801
      0.0006775627230
      0.0006597204891
      0.0001226932020
     -0.0013505337433
      0.0001244625379
     -0.0007687637262
      0.0005522140848
     -0.0003093963241
      0.0005404563943
     -0.0000712287553
      0.0002886841660
     -0.0009452299056
     -0.0002006165966
      0.0000126308093
      0.0010892913584
      0.0010708356566
      0.0010504695272
      0.0033217967496
      0.0012081467288
      0.0007030978869
      0.0029980222596
      0.0006135831492
      0.0007416951525
      0.0005992036008
      0.0012703109309
      0.0012028877658
     -0.0002116240357
      0.0015341380328
     -0.0000340219327
      0.0011799502648
      0.0006277923520
     -0.0003228394016
      0.0000881011556
     -0.0005171628999
      0.0003658850872
     -0.0002904875326
      0.0016756674208
     -0.0001418797636
      0.0007321553905
      0.0006464734503
     -0.0006344839938
     -0.0014176023622
     -0.0004248432034
      0.0007492959844
     -0.0002080634718
      0.0000762393559
     -0.0010187329213
      0.0003846731841
      0.0004077854967
      0.0002519895165
      0.0009855464408
      0.0009447314853
      0.0012981517580
     -0.0003902505689
      0.0006958221198
     -0.0009290324893
      0.0018523879784
      0.0017045133518
     -0.0017820494707
     -0.0007975841426
      0.0004649561604
      0.0009616644557
     -0.0000078390330
      0.0013131291782
      0.0003942611030
     -0.0002008786974
      0.0007053701438
      0.0018996420479
      0.0047389063699
      0.0019455661436
     -0.0003970332577
     -0.0007507935276
     -0.0014102654984
     -0.0008328652826
     -0.0002335550774
      0.0002109176720
      0.0024436231029
     -0.0000121198524
     -0.0003222322967
      0.0002093814825
      0.0007274003700
      0.0017220847409
      0.0000667151633
      0.0009258301771
     -0.0007955910334
      0.0000662440794
     -0.0003942480651
      0.0006669302315
     -0.0005958562063
      0.0005299165276
     -0.0005470699409
      0.0001560643074
     -0.0000466169517
      0.0017620464185
      0.0014483682782
     -0.0000026756694
     -0.0007608207507
      0.0027808221971
      0.0013262713290
      0.0012890409338
      0.0004392707624
      0.0006916437629
     -0.0008199564988
      0.0003595704294
      0.0004987470883
      0.0000094056086
      0.0009057219735
      0.0007410272981
     -0.0000458834589
      0.0004724254703
      0.0006987833957
     -0.0012356780916
     -0.0001967331165
     -0.0000497601911
      0.0004946042458
      0.0005103568968
     -0.0012599259731
     -0.0012662898780
      0.0002647887108
      0.0007370144371
      0.0016757169152
     -0.0009483695781
     -0.0009643337493
      0.0003177310440
     -0.0004546258018
      0.0000059214329
     -0.0003198157223
      0.0002084156685
      0.0014574988308
     -0.0000449236228
      0.0041339938030
      0.0009678323421
     -0.0014953073032
      0.0000045230571
     -0.0004767930729
      0.0001293543787
      0.0024686447161
     -0.0002644806963
      0.0001822647178
      0.0006907568614
     -0.0002906400607
      0.0001201922459
      0.0025583260700
      0.0002170983305
     -0.0005102597036
     -0.0006141064140
     -0.0002435515682
     -0.0005291026541
      0.0008505804480
     -0.0013336069874
     -0.0008444970729
      0.0016633717740
      0.0005810150073
     -0.0007974956670
      0.0009018986218
      0.0001087611070
      0.0012893448308
      0.0004350947739
      0.0006010130314
     -0.0003329273837
      0.0032518531563
      0.0000131846388
      0.0003224642692
     -0.0002479522540
     -0.0009751975147
      0.0005317510396
      0.0006508098377
     -0.0000304272541
     -0.0005714275965
      0.0005047592152
     -0.0001337643801
     -0.0004315780770
      0.0009001392220
     -0.0002294533128
      0.0010184866181
      0.0022808529977
     -0.0002413488242
     -0.0002098564007
     -0.0004020292211
     -0.0002505100837
      0.0026906609565
     -0.0004200990947
     -0.0000787487535
      0.0014178511700
      0.0001275572317
      0.0002595887005
      0.0002871692669
      0.0005688339156
      0.0002773000445
      0.0012938601852
      0.0017412062038
      0.0007177037007
      0.0014724898895
      0.0014490037003
     -0.0019721435281
      0.0041913034220
      0.0014861315708
     -0.0010509008521
     -0.0011661458699
     -0.0011782796935
     -0.0005003147406
     -0.0007670166018
      0.0000598361456
     -0.0004579168203
      0.0002897278075
      0.0005363817083
     -0.0001873917644
      0.0000602217671
      0.0018229229663
      0.0005697552234
     -0.0002837128356
      0.0001900227111
      0.0015313297199
      0.0013971090162
     -0.0002512030370
     -0.0005982129670
     -0.0008972021691
      0.0003419947176
      0.0025729342602
      0.0011090317600
      0.0018845630139
     -0.0003599544008
      0.0000293613274
      0.0008255216981
      0.0003769634023
      0.0023903471535
      0.0023321227042
      0.0007002983421
     -0.0005052578249
      0.0005926197422
      0.0002317499250
      0.0007476099839
      0.0011513695650
      0.0015768393725
      0.0002492419151
     -0.0004145436951
     -0.0002146940526
      0.0000002968187
     -0.0011048499914
      0.0011532347023
     -0.0003716131148
      0.0010030983384
      0.0023933417718
     -0.0013318613635
      0.0005258116147
      0.0007527297276
      0.0006107001460
      0.0007607821585
      0.0013404278245
     -0.0002186295964
     -0.0001490411950
      0.0003955781207
      0.0002914749394
      0.0004638834036
      0.0004938646154
      0.0006620324877
      0.0003474645859
      0.0000586984065
      0.0002919138335
     -0.0003845422132
      0.0003656141647
     -0.0013408259769
     -0.0006961717841
     -0.0003904741784
      0.0011925479792
     -0.0004809823719
      0.0006506605630
     -0.0006427540594
     -0.0003273558949
     -0.0000187366931
      0.0018132814455
     -0.0010850006650
     -0.0004453446631
      0.0000385087969
      0.0013273394586
     -0.0011806203117
      0.0003569398116
     -0.0003280947950
      0.0016588301492
      0.0007294551489
      0.0007027460075
      0.0006478193225
      0.0044450188567
     -0.0000360747479
      0.0000362773321
     -0.0001347472382
      0.0008267280065
      0.0003948390890
      0.0021461252996
     -0.0003210548956
     -0.0010208698439
