   Ufinal-Uinitial
   ===============
     -0.0010300232580
     -0.0015776121446
      0.0002685196111
      0.0001668570841
     -0.0014053460264
      0.0015374391884
     -0.0020752983670
      0.0003766310559
     -0.0002210116518
      0.0001916899334
     -0.0006879070996
     -0.0019184643886
     -0.0006527552969
     -0.0003964578621
     -0.0007951463802
     -0.0004987562969
     -0.0016383082116
     -0.0016251631869
     -0.0013403173743
     -0.0004019926503
     -0.0010409107592
     -0.0011021170415
     -0.0010562452607
     -0.0008374264698
     -0.0020226981104
     -0.0003593382081
     -0.0015261226502
     -0.0019295314010
     -0.0013388153934
     -0.0015765962591
     -0.0006202449221
     -0.0012285842975
     -0.0015374562772
     -0.0005223276676
     -0.0010587576443
     -0.0027433635176
     -0.0008926489758
     -0.0019425920533
     -0.0013832458015
     -0.0008253271390
     -0.0004964669294
     -0.0007446514687
     -0.0006805555462
     -0.0015954936072
     -0.0013736815855
      0.0010710342643
     -0.0000356305128
      0.0000566219046
     -0.0008795016922
     -0.0010275324566
     -0.0002022227861
     -0.0008045727297
     -0.0012836948590
      0.0004972815042
      0.0008986096889
     -0.0011042348306
     -0.0013209054735
      0.0000033336269
     -0.0008799130468
     -0.0013577784905
      0.0002238612132
      0.0008891320324
      0.0003942391235
     -0.0016280429547
     -0.0022803110732
     -0.0002520235500
     -0.0014874504549
     -0.0023444646309
     -0.0008659001578
      0.0001385891938
     -0.0009168043726
     -0.0027662200856
     -0.0020662636279
     -0.0013710421886
      0.0000146198652
     -0.0019455095457
     -0.0013589620997
     -0.0008198760993
     -0.0000742458500
     -0.0017474484334
     -0.0008396206486
     -0.0005389228908
     -0.0024973239587
     -0.0014889601276
     -0.0005630267868
     -0.0004719363804
     -0.0014084218256
     -0.0020237354445
     -0.0028300992374
     -0.0005389086329
     -0.0001540661791
     -0.0018462375878
     -0.0015672199363
     -0.0010412903820
      0.0001705287611
     -0.0018917175128
     -0.0016366520447
     -0.0000562412485
     -0.0004735993469
     -0.0011073653300
     -0.0011620884777
     -0.0011556326372
      0.0020151079862
     -0.0008555667568
     -0.0024025997289
     -0.0017771323599
      0.0019139769596
     -0.0002696234301
     -0.0015811355022
     -0.0006967438882
      0.0001296451342
     -0.0003755722768
     -0.0008266269005
     -0.0014775176241
     -0.0015176338178
      0.0007000527119
      0.0015623408144
     -0.0005223443328
     -0.0027397700844
      0.0003568026935
     -0.0003136782598
     -0.0021502383578
     -0.0003161105756
     -0.0003921193513
     -0.0014142520455
     -0.0009974692414
     -0.0010831465700
     -0.0022653587507
     -0.0018067238929
     -0.0009942849953
     -0.0015403849548
     -0.0023064000757
     -0.0015724758899
     -0.0014451081958
     -0.0003358214549
     -0.0009387904665
     -0.0013399954202
     -0.0007524492316
     -0.0001621314168
     -0.0010257095405
     -0.0004727525163
     -0.0003551493750
     -0.0030519330733
     -0.0010578670551
     -0.0011420065813
      0.0001616445200
     -0.0005175494653
     -0.0002046718862
     -0.0014845224899
     -0.0016773022906
     -0.0005776920009
     -0.0007694524744
     -0.0007541122219
     -0.0013584908504
     -0.0010338202490
     -0.0021083237409
     -0.0010876608088
     -0.0012609272366
     -0.0006517256559
      0.0002054287123
     -0.0011610385370
     -0.0018419959951
     -0.0011737917499
      0.0007784877084
      0.0004255464308
     -0.0001229541216
      0.0007671261974
     -0.0017088494870
      0.0000302033520
     -0.0002202827993
     -0.0008764417158
     -0.0022514848492
     -0.0021274472722
     -0.0007200023373
     -0.0010572622408
     -0.0010776069364
     -0.0010343486454
     -0.0008476903968
     -0.0012534410651
     -0.0009853894808
     -0.0005854717583
     -0.0011897022356
     -0.0009722891200
     -0.0011195101231
     -0.0008991926170
     -0.0007492880028
     -0.0011108051899
     -0.0006814941309
     -0.0005575097852
     -0.0006200529565
     -0.0007903156054
      0.0005797131661
     -0.0016591482418
     -0.0020545935016
     -0.0020959600698
     -0.0019858057440
     -0.0011104823333
     -0.0023043325501
     -0.0008415126101
     -0.0008897718956
      0.0007906653816
     -0.0015785552621
     -0.0008720304543
     -0.0019238661894
     -0.0008012385094
     -0.0007183000688
      0.0005074721824
      0.0010492252121
     -0.0009053938791
     -0.0008161019849
     -0.0002014424185
     -0.0003899077868
      0.0000018038150
      0.0003211722461
     -0.0009145740407
      0.0003348128724
      0.0000957438557
      0.0002230375167
      0.0015516739171
      0.0007129745238
      0.0004785861736
     -0.0001545377438
     -0.0012452688759
     -0.0017450199853
     -0.0005759211683
     -0.0014279480105
     -0.0006440513602
     -0.0012041365310
     -0.0008669071289
     -0.0023378848591
     -0.0005916102776
     -0.0013619472566
     -0.0010760378782
     -0.0004288460497
     -0.0017215665202
     -0.0004658641488
      0.0004213173978
     -0.0037800196316
     -0.0008981494709
     -0.0000495010173
     -0.0001034205626
      0.0001854935873
     -0.0009580440785
     -0.0005582014498
     -0.0009435019702
     -0.0008803837586
     -0.0013433764975
     -0.0004374949890
     -0.0021625139196
     -0.0014900284942
     -0.0009642252488
      0.0003471063411
      0.0004559581746
      0.0001839634540
     -0.0008416754080
      0.0002835049570
     -0.0007309572389
     -0.0002622683980
      0.0006332331028
     -0.0003475974003
     -0.0000130106821
     -0.0006902038987
      0.0001612016637
     -0.0012046242763
     -0.0010716771540
     -0.0023080285574
     -0.0027950690493
     -0.0016481178779
     -0.0010754548208
     -0.0015570029872
     -0.0015193953573
      0.0002136550345
     -0.0004531383592
     -0.0008646865274
     -0.0003862313943
      0.0000223290431
     -0.0013227487600
     -0.0009001267205
     -0.0012800223568
     -0.0001716247692
     -0.0011972026496
     -0.0008888594202
     -0.0021523319698
     -0.0009987252533
     -0.0007933719828
     -0.0000938096364
     -0.0005593745419
     -0.0010432785237
     -0.0007466332233
     -0.0000862519262
      0.0005913802662
     -0.0016295661454
     -0.0014894854630
     -0.0016089033653
     -0.0019552187004
     -0.0015927033872
     -0.0010897573623
     -0.0015075717734
     -0.0016573473665
     -0.0007732973239
     -0.0004771997145
      0.0002441621898
     -0.0008570368323
     -0.0001659252166
     -0.0012944255037
     -0.0017637331301
     -0.0015363055646
     -0.0005769238866
     -0.0017405521081
     -0.0014398539871
     -0.0008251591439
     -0.0008036322938
     -0.0007420081043
     -0.0015956385799
     -0.0007659324043
     -0.0021687590208
     -0.0017024672240
     -0.0014318306109
     -0.0015246651413
     -0.0015627238281
     -0.0013898866127
     -0.0030996120051
     -0.0012346900772
     -0.0010415904124
     -0.0012706827029
     -0.0014059370393
     -0.0015384767160
     -0.0014202048647
     -0.0010067912623
      0.0000223018531
     -0.0023719641471
     -0.0016485904272
     -0.0013272122366
     -0.0017420802727
     -0.0012131725497
      0.0000555393162
      0.0031402235686
      0.0000678677459
     -0.0014526786078
     -0.0017958874377
     -0.0023287149915
     -0.0009961398771
     -0.0009860104290
     -0.0003493285980
     -0.0026997254414
     -0.0004367865660
     -0.0000682537987
     -0.0003576615284
      0.0002577951814
     -0.0006133211370
     -0.0008309542121
     -0.0005003928110
     -0.0005314005893
     -0.0006005467964
     -0.0016286624148
     -0.0017845687887
      0.0000492032605
     -0.0003862459679
     -0.0012909283917
      0.0000041986118
     -0.0014293892864
      0.0001688889811
     -0.0014729358185
     -0.0005788013381
     -0.0005355198424
     -0.0005505326593
     -0.0008176896942
     -0.0006651830001
     -0.0001916074937
     -0.0001081837377
     -0.0010448928221
     -0.0011723246829
     -0.0003866988725
     -0.0015667436078
     -0.0008906800420
     -0.0012735859510
     -0.0021473838017
     -0.0010806860541
     -0.0013815443257
     -0.0019290288572
     -0.0023841802223
     -0.0018936160802
     -0.0011479374143
      0.0002149638710
     -0.0018650214454
      0.0001139725215
      0.0009343241165
      0.0003637471427
     -0.0007427206976
     -0.0010038704150
      0.0018279294913
     -0.0011838297804
      0.0056769155636
     -0.0017158210125
     -0.0011672138146
     -0.0001485492040
      0.0003453970464
     -0.0025547566968
     -0.0018849978476
     -0.0018554925250
     -0.0010246281751
     -0.0010061350301
     -0.0016478646611
     -0.0029447973379
     -0.0018380635395
     -0.0001087739184
     -0.0014763648366
      0.0004154445970
      0.0010764923216
     -0.0005985443258
     -0.0012540949946
     -0.0005951171015
     -0.0013220565078
     -0.0006768454479
     -0.0025511169599
     -0.0027012457108
     -0.0013098046855
     -0.0005413399961
     -0.0007765871814
      0.0000993879143
     -0.0010815892466
     -0.0000517459836
     -0.0002967862555
     -0.0002220009806
     -0.0002743466266
     -0.0015014465908
     -0.0006250231680
      0.0010079024303
      0.0002692716259
     -0.0022355146944
      0.0002633914928
      0.0049244594058
     -0.0007932338196
     -0.0013021250416
      0.0038735197008
     -0.0012355694828
     -0.0007324718255
     -0.0014072638332
      0.0001439914178
      0.0018019518901
     -0.0011708189982
     -0.0010446466978
     -0.0012944391954
     -0.0001922964556
     -0.0029277767330
      0.0000180971106
     -0.0000219511923
     -0.0016897724931
     -0.0007684298388
      0.0001945789746
     -0.0012783480298
     -0.0023235220745
     -0.0011577103781
     -0.0016707790999
     -0.0036267945727
     -0.0013418120002
      0.0000546831533
     -0.0009437418520
     -0.0000544655137
     -0.0014575687969
     -0.0027556870520
     -0.0017282220192
     -0.0005507583869
     -0.0011341346835
     -0.0014040323538
     -0.0011627616123
     -0.0009006223584
     -0.0010525384749
     -0.0023462767273
     -0.0003698584282
      0.0002291185212
      0.0001792167147
     -0.0025011539418
     -0.0000398063163
     -0.0001926896227
      0.0017328989783
      0.0001557408213
      0.0000322426800
     -0.0000757199361
      0.0015294548337
     -0.0009893706313
     -0.0008209551706
     -0.0000171859527
     -0.0010112925960
     -0.0014959756379
     -0.0017379784523
     -0.0010938253680
     -0.0006423359271
     -0.0007220206124
     -0.0015251742142
     -0.0014068055358
     -0.0016724234479
     -0.0013331310204
     -0.0019105707314
     -0.0039868203632
     -0.0002099732133
     -0.0010523820043
     -0.0005619635678
     -0.0014680098563
     -0.0009771248091
     -0.0015302811297
     -0.0014892895524
     -0.0012441538598
     -0.0020414694770
     -0.0024019001658
     -0.0019707981474
     -0.0023327442889
     -0.0009719582266
     -0.0019737023752
     -0.0006733993583
     -0.0014538509608
      0.0001878893347
     -0.0007272235586
     -0.0006061873727
     -0.0003042471361
     -0.0020382212790
     -0.0019893303628
     -0.0035925207497
     -0.0018480631653
     -0.0023529342445
     -0.0009731655702
     -0.0025067403148
     -0.0030518558763
     -0.0012800137054
     -0.0019661883661
     -0.0004054314221
     -0.0006721680063
     -0.0016067739482
     -0.0016300253713
     -0.0019647099503
     -0.0014109571671
      0.0017933790022
     -0.0019795258804
     -0.0010400889306
     -0.0016966283492
     -0.0016658996797
     -0.0015815857677
      0.0004371702744
     -0.0009293041937
     -0.0004735610042
     -0.0020903898842
      0.0001845492240
     -0.0005367727786
     -0.0012298038954
     -0.0007931908606
     -0.0004802836601
     -0.0004444088481
     -0.0011150958660
     -0.0011683642956
     -0.0006627527375
     -0.0015580681433
     -0.0003825480060
     -0.0009897868926
     -0.0006014629359
     -0.0003049869210
     -0.0004222920359
      0.0003792720249
     -0.0021539010066
      0.0010424675023
     -0.0024124191333
     -0.0026563201180
     -0.0005128468187
     -0.0004859138882
     -0.0010610169255
     -0.0018933003238
     -0.0011806761534
     -0.0004097651332
     -0.0012847444956
     -0.0012245544188
     -0.0010446425809
     -0.0021503504517
     -0.0022665857484
     -0.0000860577334
     -0.0011038470585
     -0.0013116756806
     -0.0015576178094
     -0.0017379342951
     -0.0009376268350
     -0.0014926021094
     -0.0012571182105
      0.0005312205358
      0.0010910404170
     -0.0006076599203
     -0.0008460492039
     -0.0001119388388
      0.0002978491479
      0.0070311015195
     -0.0000598494611
     -0.0011896315664
     -0.0007120245773
     -0.0016327920209
      0.0000896998539
     -0.0002752959495
     -0.0015197155550
     -0.0023953726287
     -0.0018979813437
     -0.0007129806865
     -0.0009852647787
     -0.0013118751730
     -0.0013181767162
     -0.0025162574946
     -0.0018257798397
     -0.0012460392290
     -0.0015066495361
     -0.0008811024744
     -0.0011976135761
     -0.0018341870963
      0.0000113147852
     -0.0005192598122
     -0.0008250778554
     -0.0006592209719
     -0.0008899274128
     -0.0007635520071
     -0.0019229825312
     -0.0002711717961
     -0.0010617255186
     -0.0009574405725
     -0.0013768699787
     -0.0012332056944
     -0.0018954409413
     -0.0022463685345
     -0.0012018841911
     -0.0006765366211
     -0.0003182684020
     -0.0008548964565
     -0.0007628800903
     -0.0018965392956
     -0.0007797078376
     -0.0008278212310
      0.0009271525259
     -0.0006140590520
      0.0006874376274
     -0.0011663536595
     -0.0015094508584
      0.0000117903796
      0.0001937779051
     -0.0014157423211
     -0.0013804119165
     -0.0009122718678
     -0.0003983304618
      0.0000334550355
      0.0004123754876
     -0.0002740362994
     -0.0001311153453
     -0.0003138592308
     -0.0011437695791
     -0.0011425304369
     -0.0021994475545
     -0.0027733199584
     -0.0026529753295
     -0.0027764233544
     -0.0004966992476
     -0.0014609778995
     -0.0026338008509
     -0.0016842833270
     -0.0020602096643
     -0.0016468770753
     -0.0015546718703
     -0.0018682050228
     -0.0011474447932
     -0.0006175945399
     -0.0009581237062
     -0.0004369444754
     -0.0016150452999
     -0.0006165347126
      0.0001016931557
     -0.0003586653507
     -0.0009002437592
     -0.0004356096429
     -0.0012737341864
     -0.0012375345580
     -0.0021764667260
     -0.0007689449273
     -0.0019869045888
      0.0000357438213
     -0.0005728338876
     -0.0010851830831
     -0.0003208211443
     -0.0003614456574
     -0.0023568001014
     -0.0004922729643
     -0.0006644547676
     -0.0014054038119
     -0.0010119633432
     -0.0023330955801
     -0.0009034575459
     -0.0001207165392
     -0.0010381015656
     -0.0019872699397
     -0.0019721615872
      0.0034982075395
     -0.0013931370865
     -0.0006145902947
     -0.0004869909659
     -0.0017403265949
     -0.0000283569163
      0.0003023634587
     -0.0016943169495
     -0.0017082824436
     -0.0001127073452
     -0.0002162680696
     -0.0010200195510
     -0.0003321929465
      0.0008187894615
     -0.0004316095436
      0.0005761947279
      0.0009222829879
      0.0006717748468
     -0.0003255971843
     -0.0010457484411
     -0.0016612780231
     -0.0015105198702
     -0.0025454122018
     -0.0019804728311
     -0.0012132488171
     -0.0003703106655
      0.0001157432461
     -0.0002347532203
      0.0037294806680
     -0.0005698358888
     -0.0011019928866
     -0.0000026346157
      0.0001069433946
     -0.0011818537285
     -0.0013315814984
     -0.0000572381821
     -0.0009454495004
     -0.0007397939125
     -0.0005455514137
     -0.0007113218944
      0.0007214684876
     -0.0005399851997
     -0.0017731475900
     -0.0000224759636
      0.0009197550414
      0.0023764367430
     -0.0029602398826
     -0.0008362635129
     -0.0009739899456
     -0.0016577035435
     -0.0007079384153
     -0.0019552663432
     -0.0001892125938
     -0.0011822687559
     -0.0017179744557
     -0.0001529037616
     -0.0015554006186
     -0.0026083805924
     -0.0006147330279
      0.0002647647072
     -0.0002144569663
     -0.0006036154578
     -0.0013937523317
     -0.0002860153015
     -0.0020625184525
      0.0001214681383
     -0.0029063460443
     -0.0002884222469
      0.0017028085472
     -0.0010774926658
     -0.0003904964844
     -0.0004619780096
     -0.0014773406116
     -0.0005806006823
      0.0003162363046
     -0.0004589627490
     -0.0027251175228
     -0.0004228816289
     -0.0011583454433
     -0.0007391314698
     -0.0016472575842
     -0.0004305092176
     -0.0011416205265
      0.0001169082754
     -0.0001055466544
     -0.0002297879261
      0.0000210750261
     -0.0013993579352
     -0.0005194975445
     -0.0007352426493
     -0.0013547319322
     -0.0001604044345
      0.0011136597021
      0.0001421406498
     -0.0006154024605
      0.0011776748538
     -0.0004478337010
     -0.0019970412586
     -0.0017344867606
      0.0031101027661
      0.0028314914426
     -0.0018862448102
     -0.0020725825036
     -0.0015698407739
     -0.0023137855104
     -0.0015080744471
     -0.0024113579484
      0.0003254426047
      0.0005151240839
     -0.0014212998278
     -0.0018145141378
     -0.0006655829273
     -0.0013409770111
     -0.0023049915573
     -0.0003015129330
      0.0006227286827
      0.0003300908664
     -0.0017562292862
     -0.0006469321484
     -0.0008330142360
      0.0002230586307
     -0.0033229163346
     -0.0013468685824
     -0.0016451740337
      0.0000799500007
     -0.0011671975107
     -0.0012051185938
      0.0003577557464
      0.0001434481001
     -0.0009074591307
     -0.0010239174021
     -0.0018064324094
     -0.0013412978603
     -0.0013380794039
     -0.0006912573524
     -0.0017551195070
     -0.0005767673061
      0.0015306127443
     -0.0014475715931
     -0.0009960693766
     -0.0017698523616
     -0.0020100957979
     -0.0010123708614
     -0.0007198154387
     -0.0005142005686
     -0.0022204270223
     -0.0004965189628
     -0.0004839277698
     -0.0012581369811
     -0.0016084044612
      0.0002699963621
     -0.0006968830063
     -0.0009806001050
     -0.0013426425534
     -0.0023798160772
     -0.0020754651952
     -0.0018663138794
     -0.0020136960125
     -0.0025566629635
     -0.0021765087499
     -0.0000293392213
     -0.0015592685686
     -0.0009263328898
     -0.0020098551550
     -0.0005181023588
      0.0020709432213
      0.0001944350396
     -0.0018643140089
     -0.0026598676787
     -0.0014354392709
      0.0029277968519
     -0.0022804017635
     -0.0027120759289
     -0.0025416124655
     -0.0016286349650
     -0.0008610561909
     -0.0011405029123
     -0.0009960192637
     -0.0004214529914
     -0.0016253055259
     -0.0014819854761
     -0.0010269455922
     -0.0022890614362
     -0.0018941142164
     -0.0010848154067
     -0.0002256859118
     -0.0008760107692
      0.0008099404662
      0.0005645599836
     -0.0019984427797
     -0.0022323398029
      0.0022058466353
     -0.0021448054951
     -0.0005972565104
     -0.0011053162688
     -0.0012635689112
     -0.0013508347390
     -0.0025360401684
     -0.0014405071701
     -0.0014627022126
     -0.0023137469626
     -0.0019222074949
      0.0003076488845
      0.0003420261782
     -0.0013599158445
     -0.0035034247128
     -0.0002097898009
     -0.0007783050972
     -0.0007381928553
     -0.0011477043265
     -0.0019047422363
      0.0000742175501
     -0.0013315579680
     -0.0000780080774
     -0.0015398865002
     -0.0012686461905
     -0.0006118081539
     -0.0016427629395
     -0.0010607779385
      0.0000664459397
     -0.0007080181441
     -0.0013585260186
     -0.0009755873089
     -0.0010590814972
     -0.0009915544542
     -0.0033023170471
     -0.0009246200180
     -0.0012348138144
     -0.0016725034371
     -0.0004545842478
     -0.0012980553835
     -0.0013388580423
      0.0005531849622
     -0.0010257851008
     -0.0014609293442
     -0.0019176471982
     -0.0020702177948
     -0.0027212270004
     -0.0015038194292
     -0.0010028827307
     -0.0021958509826
     -0.0005479633063
     -0.0003370634113
     -0.0010506521231
     -0.0010314880104
      0.0004491589502
     -0.0002120857851
     -0.0000436534579
      0.0003516327661
      0.0006789590119
     -0.0020055047988
     -0.0000926243909
      0.0019578804890
     -0.0010799860968
     -0.0007344645746
     -0.0029507502396
     -0.0014036261077
     -0.0018310571194
     -0.0017165551317
     -0.0022288299913
     -0.0000885137398
     -0.0018645035057
     -0.0013203432607
     -0.0006998600128
     -0.0017141021768
     -0.0007419965155
     -0.0009266760212
     -0.0013467790521
     -0.0017153653071
     -0.0009756166000
      0.0001889487936
     -0.0011817624579
     -0.0016421796418
     -0.0004311979811
     -0.0003531615954
     -0.0004967968359
     -0.0001579903468
     -0.0001475625453
     -0.0015263694009
      0.0016760198531
     -0.0001972320455
     -0.0010173636078
     -0.0021861003595
     -0.0007795433121
     -0.0010229407369
     -0.0011544689193
     -0.0023018131541
     -0.0009011318164
     -0.0013700787339
     -0.0015446243055
     -0.0010947082493
     -0.0002075315896
      0.0008144379926
     -0.0026083757954
     -0.0019491659411
     -0.0013031215475
     -0.0014348052290
     -0.0003331869529
     -0.0006430341086
     -0.0021408643880
     -0.0016044964730
     -0.0010060078927
     -0.0008041350058
     -0.0017515310677
     -0.0021377558582
     -0.0003317405867
     -0.0015958724514
     -0.0008734979791
     -0.0008323439522
      0.0011769586692
