0.275693597480214
0.00202
273.00    1.3865793073029E+05
298.00    1.8842233198990E+05
323.00    2.4979530953306E+05
348.00    3.2426704082714E+05
373.00    4.1338658283972E+05
398.00    5.1875972043667E+05
423.00    6.4204704705429E+05
448.00    7.8496224976782E+05
473.00    9.4927058092918E+05
498.00    1.1367875061393E+06
523.00    1.3493775236479E+06
548.00    1.5889531535192E+06
573.00    1.8574740963278E+06
598.00    2.1569465611021E+06
623.00    2.4894227611095E+06
648.00    2.8570005742771E+06
673.00    3.2618233629226E+06
698.00    3.7060799453266E+06
723.00    4.1920047097311E+06
748.00    4.7218778597393E+06
773.00    5.2980257788972E+06
798.00    5.9228215014833E+06
823.00    6.5986852761999E+06
848.00    7.3280852095055E+06
873.00    8.1135379756987E+06
898.00    8.9576095814889E+06
923.00    9.8629161736075E+06
948.00    1.0832124878966E+07
973.00    1.1867954667889E+07
