       T               qrot                qtrans                qvib                ln(qrot)                ln(qtrans)                ln(qvib)                lnq
   =================================================================================================================================================================================
     273.00    1.5362944582161E+00    9.0254788058085E+04    1.0000000000662E+00    4.2937332092028E-01    1.1410391928063E+01    6.6219918435390E-11    1.1839765249050E+01
     298.00    1.6769807639135E+00    1.1235807586788E+05    1.0000000004731E+00    5.1699501224073E-01    1.1629446156364E+01    4.7307779904494E-10    1.2146441169078E+01
     323.00    1.8176670696110E+00    1.3742632690366E+05    1.0000000024928E+00    5.9755384895798E-01    1.1830843248157E+01    2.4927972988047E-09    1.2428397099608E+01
     348.00    1.9583533753084E+00    1.6558147347715E+05    1.0000000103453E+00    6.7210400550980E-01    1.2017218639537E+01    1.0345251712841E-08    1.2689322655392E+01
     373.00    2.0990396810059E+00    1.9694080674832E+05    1.0000000354769E+00    7.4147994537914E-01    1.2190658489210E+01    3.5476934760105E-08    1.2932138470066E+01
     398.00    2.2397259867033E+00    2.3161746992974E+05    1.0000001042112E+00    8.0635353101976E-01    1.2352842453312E+01    1.0421118002879E-07    1.3159196088543E+01
     423.00    2.3804122924008E+00    2.6972086981275E+05    1.0000002695052E+00    8.6727370478160E-01    1.2505142887716E+01    2.6950521268995E-07    1.3372416862003E+01
     448.00    2.5210985980982E+00    3.1135702439599E+05    1.0000006268523E+00    9.2469475815031E-01    1.2648695521138E+01    6.2685207028894E-07    1.3573390906140E+01
     473.00    2.6617849037957E+00    3.5662885970716E+05    1.0000013335549E+00    9.7899691422725E-01    1.2784450911330E+01    1.3335540526234E-06    1.3763449159112E+01
     498.00    2.8024712094931E+00    4.0563646564825E+05    1.0000026299087E+00    1.0305016027600E+00    1.2913212632662E+01    2.6299052685884E-06    1.3943716865328E+01
     523.00    2.9431575151905E+00    4.5847731837543E+05    1.0000048604327E+00    1.0794829898002E+00    1.3035666100263E+01    4.8604209184266E-06    1.4115153950484E+01
     548.00    3.0838438208880E+00    5.1524647504149E+05    1.0000084932289E+00    1.1261768126833E+00    1.3152400657471E+01    8.4931927991600E-06    1.4278585963347E+01
     573.00    3.2245301265854E+00    5.7603674548467E+05    1.0000141357898E+00    1.1707872424501E+00    1.3263926731887E+01    1.4135689925333E-05    1.4434728110027E+01
     598.00    3.3652164322829E+00    6.4093884451419E+05    1.0000225460157E+00    1.2134922796860E+00    1.3370689324977E+01    2.2545761527041E-05    1.4584204150425E+01
     623.00    3.5059027379803E+00    7.1004152773118E+05    1.0000346377261E+00    1.2544480445228E+00    1.3473078737069E+01    3.4637126196306E-05    1.4727561418718E+01
     648.00    3.6465890436778E+00    7.8343171327510E+05    1.0000514804761E+00    1.2937922220876E+00    1.3571439180981E+01    5.1479151012042E-05    1.4865282882220E+01
     673.00    3.7872753493752E+00    8.6119459145716E+05    1.0000742939323E+00    1.3316468553800E+00    1.3666075764212E+01    7.4291172674207E-05    1.4997796910765E+01
     698.00    3.9279616550727E+00    9.4341372390402E+05    1.0001044374073E+00    1.3681206284977E+00    1.3757260197007E+01    1.0443195413921E-04    1.5125485257458E+01
     723.00    4.0686479607701E+00    1.0301711335657E+06    1.0001433953755E+00    1.4033107478941E+00    1.3845235495498E+01    1.4338509531871E-04    1.5248689628487E+01
     748.00    4.2093342664676E+00    1.1215473867250E+06    1.0001927599086E+00    1.4373045037098E+00    1.3930219885037E+01    1.9274133282899E-04    1.5367717130079E+01
     773.00    4.3500205721650E+00    1.2176216679688E+06    1.0002542109955E+00    1.4701805743227E+00    1.4012410061569E+01    2.5417868939527E-04    1.5482844814581E+01
     798.00    4.4907068778624E+00    1.3184718489407E+06    1.0003294956619E+00    1.5020101231851E+00    1.4091983933725E+01    3.2944139011117E-04    1.5594323498300E+01
     823.00    4.6313931835599E+00    1.4241745515723E+06    1.0004204067183E+00    1.5328577264124E+00    1.4169102941793E+01    4.2031837211079E-04    1.5702380986578E+01
     848.00    4.7720794892573E+00    1.5348052063965E+06    1.0005287618409E+00    1.5627821615272E+00    1.4243914029580E+01    5.2862209558810E-04    1.5807224813203E+01
     873.00    4.9127657949548E+00    1.6504381064603E+06    1.0006563835586E+00    1.5918370815749E+00    1.4316551329700E+01    6.5616823315686E-04    1.5909044579508E+01
     898.00    5.0534521006522E+00    1.7711464572909E+06    1.0008050805866E+00    1.6200715940375E+00    1.4387137610856E+01    8.0475668301415E-04    1.6008013961577E+01
     923.00    5.1941384063497E+00    1.8970024233064E+06    1.0009766308211E+00    1.6475307602382E+00    1.4455785526358E+01    9.7615422747610E-04    1.6104292440823E+01
     948.00    5.3348247120471E+00    2.0280771710155E+06    1.0011727662003E+00    1.6742560279903E+00    1.4522598695738E+01    1.1720790472527E-03    1.6198026802776E+01
     973.00    5.4755110177446E+00    2.1644409093104E+06    1.0013951595369E+00    1.7002856079213E+00    1.4587672645566E+01    1.3941872060544E-03    1.6289352440693E+01
   =================================================================================================================================================================================
 ZPE=  0.27569359748021427      eV
